Norms: 1.64432e+10 / 1.4789e+12 = 0.0111186
1 12.0046 13.8543
2 9.64633 8.86487
3 3.27897 4.59233
4 1.99264 1.63881
5 1.75653 1.54978
6 1.62151 1.18205
7 1.46991 1.02019
8 1.10429 0.932473
9 1.08764 0.823341
10 1.05191 0.750636
11 1.0298 0.653306
12 0.965314 0.532251
13 0.945493 0.511417
14 0.935493 0.421362
15 0.916243 0.382683
16 0.903803 0.371022
17 0.872828 0.340482
18 0.870939 0.329003
19 0.831712 0.304454
20 0.800558 0.273924
21 0.793686 0.266569
22 0.777916 0.243663
23 0.763919 0.237682
24 0.735087 0.227872
25 0.7327 0.21701
26 0.727143 0.211016
27 0.722037 0.202351
28 0.714488 0.19504
29 0.696224 0.190255
30 0.690448 0.175307
31 0.670992 0.172989
32 0.662464 0.162581
33 0.655771 0.157269
34 0.648103 0.156402
35 0.646463 0.149505
36 0.637653 0.142433
37 0.629164 0.139422
38 0.620088 0.135102
39 0.614105 0.133811
40 0.610187 0.132419
41 0.599529 0.126667
42 0.597527 0.122421
43 0.593455 0.120065
44 0.588264 0.113273
45 0.582318 0.111488
46 0.575988 0.107559
47 0.57257 0.106171
48 0.56149 0.10386
49 0.557532 0.0984579
50 0.554331 0.0956382
51 0.546958 0.0947616
52 0.541157 0.0906882
53 0.535116 0.0875254
54 0.534715 0.0849887
55 0.531505 0.0831809
56 0.526963 0.0800312
57 0.523955 0.0789684
58 0.51635 0.0743918
59 0.514318 0.071737
60 0.513366 0.0705473
61 0.50903 0.0684797
62 0.504082 0.0661963
63 0.500963 0.0626742
64 0.49686 0.0621841
65 0.495758 0.0579646
66 0.493357 0.0550609
67 0.49194 0.0529495
68 0.487178 0.0498107
69 0.482209 0.0488154
70 0.478494 0.0384308
71 0.472991 6.19123e-06
72 0.466424 4.3883e-06
73 0.462667 2.62677e-06
74 0.460685 2.35984e-06
75 0.456782 1.53897e-06
76 0.452937 1.14257e-06
77 0.450749 1.05115e-06
78 0.448108 8.8844e-07
79 0.446801 8.05021e-07
80 0.444231 7.87843e-07
81 0.438666 7.67417e-07
82 0.436656 7.23807e-07
83 0.433084 6.77943e-07
84 0.429045 6.53061e-07
85 0.426747 6.46078e-07
86 0.426386 6.14963e-07
87 0.422609 6.11594e-07
88 0.419461 5.88941e-07
89 0.41873 5.72227e-07
90 0.415013 5.69027e-07
91 0.412068 5.48528e-07
92 0.410153 5.36039e-07
93 0.405898 5.34075e-07
94 0.40378 5.17588e-07
95 0.402996 5.12798e-07
96 0.400406 5.10414e-07
97 0.39816 4.98612e-07
98 0.396145 4.94966e-07
99 0.393023 4.87705e-07
100 0.389973 4.87414e-07
101 0.388786 4.82087e-07
102 0.385722 4.73841e-07
103 0.379682 4.60771e-07
104 0.376879 4.58099e-07
105 0.374101 4.49016e-07
106 0.373846 4.45844e-07
107 0.369957 4.44622e-07
108 0.368078 4.39089e-07
109 0.366544 4.33353e-07
110 0.363048 4.32277e-07
111 0.361405 4.27742e-07
112 0.359158 4.2334e-07
113 0.357405 4.2172e-07
114 0.355126 4.17289e-07
115 0.353597 4.13261e-07
116 0.352253 4.08777e-07
117 0.351601 4.06411e-07
118 0.348355 4.04298e-07
119 0.346347 4.01334e-07
120 0.341232 3.97306e-07
121 0.340051 3.93629e-07
122 0.338653 3.89979e-07
123 0.337476 3.8593e-07
124 0.335468 3.82102e-07
125 0.331309 3.80004e-07
126 0.329109 3.78039e-07
127 0.327719 3.77266e-07
128 0.324447 3.75964e-07
129 0.324377 3.74419e-07
130 0.320663 3.69872e-07
131 0.317062 3.68783e-07
132 0.316873 3.66838e-07
133 0.314765 3.65932e-07
134 0.313088 3.63573e-07
135 0.310851 3.62535e-07
136 0.309547 3.60113e-07
137 0.30726 3.5875e-07
138 0.305514 3.56602e-07
139 0.304624 3.54244e-07
140 0.300333 3.52622e-07
141 0.299114 3.51749e-07
142 0.29779 3.48177e-07
143 0.296098 3.47798e-07
144 0.294387 3.45791e-07
145 0.29345 3.44287e-07
146 0.290994 3.42844e-07
147 0.288053 3.41866e-07
148 0.286111 3.38727e-07
149 0.285936 3.37734e-07
150 0.28343 3.3615e-07
151 0.280805 3.34604e-07
152 0.278587 3.33439e-07
153 0.276657 3.31329e-07
154 0.273903 3.28439e-07
155 0.271555 3.28215e-07
156 0.269482 3.27592e-07
157 0.268619 3.2641e-07
158 0.267669 3.24061e-07
159 0.26579 3.23197e-07
160 0.263918 3.22527e-07
161 0.262336 3.22113e-07
162 0.260234 3.19903e-07
163 0.257235 3.18523e-07
164 0.256262 3.17898e-07
165 0.255035 3.16461e-07
166 0.252386 3.15654e-07
167 0.251211 3.14795e-07
168 0.249209 3.13195e-07
169 0.247898 3.12601e-07
170 0.246048 3.11812e-07
171 0.245273 3.11384e-07
172 0.243426 3.10137e-07
173 0.241318 3.09245e-07
174 0.239613 3.08017e-07
175 0.237105 3.07419e-07
176 0.234802 3.06936e-07
177 0.233651 3.05402e-07
178 0.231768 3.04944e-07
179 0.231144 3.04226e-07
180 0.229107 3.03844e-07
181 0.227074 3.02892e-07
182 0.225855 3.02237e-07
183 0.223786 3.01278e-07
184 0.220632 3.00522e-07
185 0.217157 2.99862e-07
186 0.216563 2.97931e-07
187 0.214897 2.97382e-07
188 0.212352 2.9527e-07
189 0.208672 2.95088e-07
190 0.205148 2.94669e-07
191 0.204381 2.94086e-07
192 0.203534 2.9328e-07
193 0.199912 2.92181e-07
194 0.197357 2.90291e-07
195 0.194106 2.8983e-07
196 0.191799 2.89408e-07
197 0.190611 2.89087e-07
198 0.187902 2.87841e-07
199 0.185949 2.87416e-07
200 0.185243 2.87191e-07
201 0.182136 2.86057e-07
202 0.17968 2.85415e-07
203 0.173914 2.85146e-07
204 0.172989 2.84461e-07
205 0.169948 2.83457e-07
206 0.166642 2.82156e-07
207 0.165312 2.81877e-07
208 0.164221 2.81116e-07
209 0.162978 2.80002e-07
210 0.156289 2.79338e-07
211 0.154826 2.79102e-07
212 0.151673 2.78553e-07
213 0.146455 2.77487e-07
214 0.13829 2.76752e-07
215 0.135855 2.76429e-07
216 0.131855 2.75166e-07
217 0.127807 2.74436e-07
218 0.122666 2.72999e-07
219 0.11812 2.72407e-07
220 0.104896 2.72313e-07
221 0.100966 2.71644e-07
222 0.0951684 2.71425e-07
223 0.0795983 2.69675e-07
224 0.0632201 2.69461e-07
225 0.0569052 2.69067e-07
226 0.0548475 2.68314e-07
227 0.039912 2.67404e-07
228 0.0182882 2.67172e-07
229 0.0175107 2.65954e-07
230 0.0127774 2.6491e-07
231 0.0103764 2.64441e-07
232 0.00722597 2.63594e-07
233 0.00671529 2.62741e-07
234 0.00591071 2.62424e-07
235 0.00500614 2.61017e-07
236 0.00434259 2.60656e-07
237 0.00374865 2.60063e-07
238 0.0033764 2.59527e-07
239 0.00275888 2.59088e-07
240 0.00257803 2.58537e-07
241 0.00243688 2.57985e-07
242 0.00228139 2.57571e-07
243 0.00221544 2.55998e-07
244 0.00196642 2.55691e-07
245 0.0018861 2.54592e-07
246 0.00178548 2.54106e-07
247 0.00168043 2.53143e-07
248 0.00155789 2.52718e-07
249 0.00148679 2.52252e-07
250 0.00135154 2.5168e-07
251 0.00122536 2.50739e-07
252 0.00114689 2.50358e-07
253 0.00107645 2.49477e-07
254 0.000991538 2.48607e-07
255 0.000963708 2.47777e-07
256 0.0009381 2.47452e-07
257 0.000881972 2.46386e-07
258 0.000818763 2.45716e-07
259 0.000779474 2.44498e-07
260 0.000756346 2.44387e-07
261 0.000672036 2.43663e-07
262 0.000642909 2.42802e-07
263 0.000588505 2.42608e-07
264 0.000550899 2.41614e-07
265 0.00050902 2.41309e-07
266 0.000483428 2.40785e-07
267 0.000443753 2.39863e-07
268 0.000403726 2.39536e-07
269 0.00037708 2.38863e-07
270 0.000348702 2.3774e-07
271 0.000310386 2.37496e-07
272 0.000304765 2.36732e-07
273 0.000298249 2.36175e-07
274 0.000267487 2.35703e-07
275 0.000263038 2.34843e-07
276 0.00024745 2.33953e-07
277 0.000224767 2.3356e-07
278 0.000200371 2.32556e-07
279 0.000197083 2.32304e-07
280 0.000166583 2.30437e-07
281 0.000152697 2.2973e-07
282 0.000142099 2.29129e-07
283 0.000140515 2.28186e-07
284 0.000126206 2.27462e-07
285 0.000116535 2.26813e-07
286 0.00010963 2.26032e-07
287 8.49474e-05 2.24972e-07
288 8.16796e-05 2.23901e-07
289 7.60917e-05 2.2246e-07
290 6.69901e-05 2.21497e-07
291 5.09017e-05 2.19782e-07
292 4.635e-05 2.19291e-07
293 4.0673e-05 2.1734e-07
294 3.268e-05 2.15014e-07
295 2.65253e-05 2.14202e-07
296 2.25841e-05 2.13313e-07
297 1.91103e-05 2.10774e-07
298 1.5849e-05 2.09802e-07
299 1.40448e-05 2.08698e-07
300 1.19116e-05 2.08269e-07
301 8.99655e-06 2.05942e-07
302 7.20813e-06 2.02627e-07
303 5.3208e-06 1.9686e-07
304 4.49608e-06 1.87387e-07
Using 70 x 221 intersection svd X Y
Principal cosines (5 projection components)
1 0.999830
2 0.999500
3 0.995096
4 0.970132
5 0.953728
6 0.883860
7 0.858724
8 0.796732
9 0.775528
10 0.745498
11 0.711077
12 0.653850
13 0.626379
14 0.610970
15 0.583648
16 0.573425
17 0.552285
18 0.535275
19 0.526430
20 0.505539
21 0.502135
22 0.493321
23 0.475914
24 0.465230
25 0.457492
26 0.445023
27 0.431578
28 0.427313
29 0.416869
30 0.409277
31 0.393907
32 0.387084
33 0.378307
34 0.377249
35 0.369910
36 0.359950
37 0.348714
38 0.343732
39 0.338142
40 0.336203
41 0.330554
42 0.323724
43 0.317768
44 0.315271
45 0.310436
46 0.306853
47 0.302313
48 0.294402
49 0.291880
50 0.286305
51 0.283323
52 0.280108
53 0.276138
54 0.266632
55 0.263671
56 0.256008
57 0.251695
58 0.249393
59 0.239641
60 0.237500
61 0.233491
62 0.226152
63 0.221155
64 0.209711
65 0.202883
66 0.195697
67 0.186934
68 0.179928
69 0.171574
70 0.156382
